counts	countsprimedCardiacPeaks	countsdenovoCardiacPeaks	countsprimedAsmPeaks	countsdenovoAsmPeaks	log2OddsRatioprimedCardiacPeaks	log2OddsRatiodenovoCardiacPeaks	log2OddsRatioprimedAsmPeaks	log2OddsRatiodenovoAsmPeaks	pprimedCardiacPeaks	pdenovoCardiacPeaks	pprimedAsmPeaks	pdenovoAsmPeaks	fdrprimedCardiacPeaks	fdrdenovoCardiacPeaks	fdrprimedAsmPeaks	fdrdenovoAsmPeaks
EBF	646	0	0	1	0	-Inf	-Inf	2.61599844706945	-Inf	1	1	0.159520261268084	1	1	1	1	1
K562_GATA2_UChicago	908	1	0	0	0	4.34039913778624	-Inf	-Inf	-Inf	0.0631992646399351	1	1	1	1	1	1	1
ALX3_1	936	0	0	0	0	-Inf	-Inf	-Inf	-Inf	1	1	1	1	1	1	1	1
ALX3_2	928	0	0	0	0	-Inf	-Inf	-Inf	-Inf	1	1	1	1	1	1	1	1
ALX3_3	863	0	0	0	0	-Inf	-Inf	-Inf	-Inf	1	1	1	1	1	1	1	1
ALX4_1	940	0	0	0	0	-Inf	-Inf	-Inf	-Inf	1	1	1	1	1	1	1	1
ARNTL_1	2431	0	0	2	0	-Inf	-Inf	1.76375865187139	-Inf	1	1	0.135900163119795	1	1	1	1	1
ARX_1	804	0	0	0	0	-Inf	-Inf	-Inf	-Inf	1	1	1	1	1	1	1	1
BARX1_1	1083	0	0	0	1	-Inf	-Inf	-Inf	2.08154757390609	1	1	1	0.223912184429311	1	1	1	1
BARX1_2	796	0	1	1	0	-Inf	3.79628260497855	2.31085577780831	-Inf	1	0.0821879885825098	0.19299390095219	1	1	0.923334640493887	1	1
BHLHA15_1	788	0	0	0	0	-Inf	-Inf	-Inf	-Inf	1	1	1	1	1	1	1	1
BSX_1	792	0	0	0	0	-Inf	-Inf	-Inf	-Inf	1	1	1	1	1	1	1	1
CART1_1	1090	0	0	0	0	-Inf	-Inf	-Inf	-Inf	1	1	1	1	1	1	1	1
CDX1_1	1824	0	0	0	0	-Inf	-Inf	-Inf	-Inf	1	1	1	1	1	1	1	1
CDX2_1	1799	0	0	0	0	-Inf	-Inf	-Inf	-Inf	1	1	1	1	1	1	1	1
DBP_1	2862	0	0	3	0	-Inf	-Inf	2.21708978197949	-Inf	1	1	0.0380953385429586	1	1	1	0.625067475665568	1
DBP_2	976	0	0	3	0	-Inf	-Inf	3.81939387920499	-Inf	1	1	0.00204394519047262	1	1	1	0.308169490376538	1
DLX1_1	925	0	0	0	0	-Inf	-Inf	-Inf	-Inf	1	1	1	1	1	1	1	1
DLX2_1	970	0	0	0	0	-Inf	-Inf	-Inf	-Inf	1	1	1	1	1	1	1	1
DLX3_1	970	0	0	0	0	-Inf	-Inf	-Inf	-Inf	1	1	1	1	1	1	1	1
DLX4_1	1021	1	0	0	0	4.16822313872474	-Inf	-Inf	-Inf	0.0708493408362354	1	1	1	1	1	1	1
DLX5_1	801	0	0	0	0	-Inf	-Inf	-Inf	-Inf	1	1	1	1	1	1	1	1
DLX6_1	970	0	0	0	0	-Inf	-Inf	-Inf	-Inf	1	1	1	1	1	1	1	1
DMBX1_1	910	0	0	0	0	-Inf	-Inf	-Inf	-Inf	1	1	1	1	1	1	1	1
DRGX_1	1059	0	0	0	0	-Inf	-Inf	-Inf	-Inf	1	1	1	1	1	1	1	1
EHF_1	1099	0	0	1	1	-Inf	-Inf	1.83757730849206	2.0599697298285	1	1	0.256850125339837	0.226842036788613	1	1	1	1
ELF1_1	1046	0	0	1	1	-Inf	-Inf	1.91027563449857	2.13266805583502	1	1	0.246032300961492	0.217097604623676	1	1	1	1
ELF1_2	1170	1	0	1	1	3.96778868984254	-Inf	1.74539626850609	1.96778868984254	0.0808648720969292	1	0.27111501229314	0.239720495272388	1	1	1	1
ELF3_1	1012	0	0	1	1	-Inf	-Inf	1.95884005587846	2.18123247721491	1	1	0.239015370386579	0.210786903138	1	1	1	1
ELF3_2	1270	1	0	1	1	3.84683942533245	-Inf	1.62444700399601	1.84683942533245	0.0875411485588315	1	0.290773376401602	0.257523534720852	1	1	1	1
ELF4_1	1071	0	0	1	1	-Inf	-Inf	1.87554461087351	2.09793703220996	1	1	0.251153231250256	0.22170807332207	1	1	1	1
ELF5_1	1203	0	1	1	1	-Inf	3.18982784448654	1.7044010173163	1.92679343865275	1	0.121985319493603	0.277657802957006	0.245638594152469	1	0.923334640493887	1	1
ELF5_2	1202	0	1	1	1	-Inf	3.19105387553428	1.70562704836404	1.92801946970049	1	0.121889330133102	0.277460344590311	0.245459884388897	1	0.923334640493887	1	1
ELK1_1	1022	0	0	0	0	-Inf	-Inf	-Inf	-Inf	1	1	1	1	1	1	1	1
ELK1_2	924	0	0	0	0	-Inf	-Inf	-Inf	-Inf	1	1	1	1	1	1	1	1
ELK1_3	676	0	1	0	0	-Inf	4.0351553585703	-Inf	-Inf	1	0.0701713036262527	1	1	1	0.923334640493887	1	1
ELK1_4	976	0	0	0	0	-Inf	-Inf	-Inf	-Inf	1	1	1	1	1	1	1	1
ELK3_1	976	0	0	0	0	-Inf	-Inf	-Inf	-Inf	1	1	1	1	1	1	1	1
ELK4_1	1013	0	0	0	0	-Inf	-Inf	-Inf	-Inf	1	1	1	1	1	1	1	1
ERF_1	980	0	0	0	0	-Inf	-Inf	-Inf	-Inf	1	1	1	1	1	1	1	1
ERG_1	1070	0	0	0	0	-Inf	-Inf	-Inf	-Inf	1	1	1	1	1	1	1	1
ERG_2	840	0	0	0	1	-Inf	-Inf	-Inf	2.45447882566624	1	1	1	0.178136360397263	1	1	1	1
ERG_3	1054	0	0	0	0	-Inf	-Inf	-Inf	-Inf	1	1	1	1	1	1	1	1
ERG_4	867	0	0	0	2	-Inf	-Inf	-Inf	3.5336618424283	1	1	1	0.0166271621598995	1	1	1	0.982852002565929
ETV1_1	1036	0	0	0	0	-Inf	-Inf	-Inf	-Inf	1	1	1	1	1	1	1	1
ETV2_1	1369	0	0	0	0	-Inf	-Inf	-Inf	-Inf	1	1	1	1	1	1	1	1
ETV3_1	1006	0	0	0	0	-Inf	-Inf	-Inf	-Inf	1	1	1	1	1	1	1	1
ETV4_1	991	0	0	0	0	-Inf	-Inf	-Inf	-Inf	1	1	1	1	1	1	1	1
ETV5_1	1037	0	0	0	0	-Inf	-Inf	-Inf	-Inf	1	1	1	1	1	1	1	1
EVX1_1	771	0	0	1	0	-Inf	-Inf	2.35754548474344	-Inf	1	1	0.187502789569468	1	1	1	1	1
EVX2_1	788	0	0	1	0	-Inf	-Inf	2.32563729458778	-Inf	1	1	0.191240525228544	1	1	1	1	1
FEV_1	1024	0	0	0	0	-Inf	-Inf	-Inf	-Inf	1	1	1	1	1	1	1	1
FLI1_1	1058	0	0	0	0	-Inf	-Inf	-Inf	-Inf	1	1	1	1	1	1	1	1
FLI1_2	766	0	0	0	1	-Inf	-Inf	-Inf	2.58945476596479	1	1	1	0.163709119206182	1	1	1	1
FLI1_3	1046	0	0	0	0	-Inf	-Inf	-Inf	-Inf	1	1	1	1	1	1	1	1
FLI1_4	863	0	0	0	2	-Inf	-Inf	-Inf	3.54043777226413	1	1	1	0.0164825982461843	1	1	1	0.982852002565929
FOXB1_1	1194	0	0	1	1	-Inf	-Inf	1.71547136723525	1.93786378857169	1	1	0.27587886306248	0.244028798766355	1	1	1	1
FOXB1_2	1004	0	0	0	0	-Inf	-Inf	-Inf	-Inf	1	1	1	1	1	1	1	1
FOXB1_3	1771	0	2	0	0	-Inf	3.93882080294865	-Inf	-Inf	1	0.0137326280266568	1	1	1	0.676644035495271	1	1
FOXB1_4	2415	0	2	2	0	-Inf	3.47415519191036	1.77371547376927	-Inf	1	0.0247579041462348	0.134442540371503	1	1	0.923334640493887	1	1
FOXC1_1	3013	0	0	2	2	-Inf	-Inf	1.43837453331183	1.67938263281563	1	1	0.191194904844199	0.152146830635837	1	1	1	1
FOXC1_2	837	0	0	0	0	-Inf	-Inf	-Inf	-Inf	1	1	1	1	1	1	1	1
FOXC1_3	1965	0	2	1	0	-Inf	3.78369390224284	0.976338980185239	-Inf	1	0.0167496197862945	0.414323876378288	1	1	0.756524493680969	1	1
FOXC2_1	805	0	0	0	0	-Inf	-Inf	-Inf	-Inf	1	1	1	1	1	1	1	1
FOXC2_2	2991	0	0	2	0	-Inf	-Inf	1.44954515766447	-Inf	1	1	0.189038291633082	1	1	1	1	1
FOXC2_3	3168	0	2	2	0	-Inf	3.06222334367826	1.36178362553717	-Inf	1	0.0410796100429798	0.206500020752574	1	1	0.923334640493887	1	1
FOXD2_1	1396	1	1	1	0	3.70704922887186	2.97008363470565	1.48465680753541	-Inf	0.0959013945493226	0.140348326121528	0.314838518138193	1	1	0.975240932793184	1	1
FOXD2_2	4661	0	2	4	1	-Inf	2.46387068380379	2.0044390651665	-0.121091816917362	1	0.0826707127631426	0.0308934495546254	0.67630232904177	1	0.923334640493887	0.598008916378821	1
FOXD3_1	1356	1	2	0	0	3.75004570927905	4.3350082100002	-Inf	-Inf	0.0932535991867964	0.00821161801618629	1	1	1	0.614708516307122	1	1
FOXD3_2	4661	0	2	4	1	-Inf	2.46387068380379	2.0044390651665	-0.121091816917362	1	0.0826707127631426	0.0308934495546254	0.67630232904177	1	0.923334640493887	0.598008916378821	1
FOXG1_1	2144	0	1	1	0	-Inf	2.33121108461075	0.84578425744051	-Inf	1	0.208523121965169	0.442718272123573	1	1	1	1	1
FOXG1_2	1079	1	0	0	0	4.0869908581357	-Inf	-Inf	-Inf	0.0747576829373027	1	1	1	1	1	1	1
FOXI1_1	4661	0	2	4	1	-Inf	2.46387068380379	2.0044390651665	-0.121091816917362	1	0.0826707127631426	0.0308934495546254	0.67630232904177	1	0.923334640493887	0.598008916378821	1
FOXI1_2	1447	1	1	0	0	3.65393736467843	2.91697177051222	-Inf	-Inf	0.0992689184279727	0.145146894985314	1	1	1	0.995817937747347	1	1
FOXJ2_1	2710	0	1	0	0	-Inf	1.97800645390073	-Inf	-Inf	1	0.257061473783086	1	1	1	1	1	1
FOXJ2_2	2078	0	1	0	1	-Inf	2.37808431631513	-Inf	1.11504991048134	1	0.202695077817201	1	0.387875999560139	1	1	1	1
FOXJ2_3	2494	0	1	1	0	-Inf	2.10366386768894	0.618237040518695	-Inf	1	0.238839529702509	0.494563922112302	1	1	1	1	1
FOXJ3_1	2078	0	1	0	1	-Inf	2.37808431631513	-Inf	1.11504991048134	1	0.202695077817201	1	0.387875999560139	1	1	1	1
FOXJ3_2	2643	0	1	0	1	-Inf	2.01593254622935	-Inf	0.752898140395559	1	0.251448620711502	1	0.466096533619403	1	1	1	1
FOXJ3_3	2556	0	1	2	0	-Inf	2.06656761693899	1.68805599368526	-Inf	1	0.244107594718844	0.147419625555531	1	1	1	1	1
FOXK1_1	1188	1	0	0	0	3.94528946349709	-Inf	-Inf	-Inf	0.082069296851511	1	1	1	1	1	1	1
FOXL1_1	4661	0	2	4	1	-Inf	2.46387068380379	2.0044390651665	-0.121091816917362	1	0.0826707127631426	0.0308934495546254	0.67630232904177	1	0.923334640493887	0.598008916378821	1
FOXL1_2	3106	0	1	3	0	-Inf	1.77049893361854	2.09242702850591	-Inf	1	0.289524668572141	0.0468142209567636	1	1	1	0.650597634835023	1
GABPA_1	965	0	0	0	0	-Inf	-Inf	-Inf	-Inf	1	1	1	1	1	1	1	1
GATA3_1	746	1	0	0	0	4.62814497739653	-Inf	-Inf	-Inf	0.0521496115369393	1	1	1	1	1	1	1
GATA3_2	746	1	0	0	0	4.62814497739653	-Inf	-Inf	-Inf	0.0521496115369393	1	1	1	1	1	1	1
GATA4_1	746	1	0	0	0	4.62814497739653	-Inf	-Inf	-Inf	0.0521496115369393	1	1	1	1	1	1	1
GATA5_1	746	1	0	0	0	4.62814497739653	-Inf	-Inf	-Inf	0.0521496115369393	1	1	1	1	1	1	1
GSC_1	835	0	0	0	0	-Inf	-Inf	-Inf	-Inf	1	1	1	1	1	1	1	1
GSX1_1	1076	0	0	0	0	-Inf	-Inf	-Inf	-Inf	1	1	1	1	1	1	1	1
GSX2_1	1283	0	0	0	0	-Inf	-Inf	-Inf	-Inf	1	1	1	1	1	1	1	1
HEY1_1	1603	0	0	3	0	-Inf	-Inf	3.0870657291427	-Inf	1	1	0.00819544055617345	1	1	1	0.403811707404183	1
HEY2_1	1569	0	0	3	0	-Inf	-Inf	3.1188947662397	-Inf	1	1	0.00772687081260567	1	1	1	0.403811707404183	1
HEY2_2	1537	0	0	2	0	-Inf	-Inf	2.44902974770028	-Inf	1	1	0.0622306437186065	1	1	1	0.790712505068784	1
HLF_1	1276	0	0	2	0	-Inf	-Inf	2.72440446548275	-Inf	1	1	0.0446317796273144	1	1	1	0.650597634835023	1
HNF1A_1	942	0	0	0	1	-Inf	-Inf	-Inf	2.28647519513367	1	1	1	0.197646166050673	1	1	1	1
HNF1B_1	850	0	0	0	1	-Inf	-Inf	-Inf	2.43714416739919	1	1	1	0.180068268119579	1	1	1	1
HNF1B_2	884	0	0	0	1	-Inf	-Inf	-Inf	2.37967239259674	1	1	1	0.186605443182113	1	1	1	1
HNF4A_1	903	0	1	0	0	-Inf	3.61153056903337	-Inf	-Inf	1	0.0927934512546941	1	1	1	0.923334640493887	1	1
HNF4A_2	907	0	1	0	1	-Inf	3.60504943445058	-Inf	2.34201502861679	1	0.0931879281836839	1	0.191000332477591	1	0.923334640493887	1	1
HNF4A_3	944	1	1	0	0	4.28336307358865	3.54639747942244	-Inf	-Inf	0.0656415649091917	0.0968300684058276	1	1	1	0.923334640493887	1	1
HNF4A_4	1114	0	0	0	1	-Inf	-Inf	-Inf	2.04001830307728	1	1	1	0.229579497463644	1	1	1	1
HNF4A_5	917	0	2	0	1	-Inf	4.91089688426756	-Inf	2.32593438354641	1	0.00383385210520524	1	0.19290430823564	1	0.487108442393505	1	1
HNF4A_6	982	0	0	0	0	-Inf	-Inf	-Inf	-Inf	1	1	1	1	1	1	1	1
HOXA10_1	1350	0	0	0	0	-Inf	-Inf	-Inf	-Inf	1	1	1	1	1	1	1	1
HOXA10_2	1520	0	0	0	1	-Inf	-Inf	-Inf	1.5810023142079	1	1	1	0.300361251413602	1	1	1	1
HOXA1_1	1132	0	0	0	0	-Inf	-Inf	-Inf	-Inf	1	1	1	1	1	1	1	1
HOXA2_1	991	0	0	1	0	-Inf	-Inf	1.98964234565111	-Inf	1	1	0.234650984916754	1	1	1	1	1
HOXB3_1	1103	0	0	0	0	-Inf	-Inf	-Inf	-Inf	1	1	1	1	1	1	1	1
HOXB5_1	1335	0	0	0	0	-Inf	-Inf	-Inf	-Inf	1	1	1	1	1	1	1	1
HOXC10_1	1242	0	0	0	2	-Inf	-Inf	-Inf	3.00527031725472	1	1	1	0.0325057046955362	1	1	1	0.982852002565929
HOXC10_2	1601	0	0	0	1	-Inf	-Inf	-Inf	1.50395730065684	1	1	1	0.313743577681659	1	1	1	1
HOXC10_3	1418	0	0	0	1	-Inf	-Inf	-Inf	1.6839102144686	1	1	1	0.283166798407952	1	1	1	1
HOXD8_1	1032	0	0	0	0	-Inf	-Inf	-Inf	-Inf	1	1	1	1	1	1	1	1
IRX2_1	1328	0	0	1	0	-Inf	-Inf	1.55849316334321	-Inf	1	1	0.301947326646171	1	1	1	1	1
IRX5_1	1545	0	0	1	0	-Inf	-Inf	1.33441328916256	-Inf	1	1	0.342312543700613	1	1	1	1	1
ISL2_1	535	0	0	0	0	-Inf	-Inf	-Inf	-Inf	1	1	1	1	1	1	1	1
ISX_1	1104	0	1	0	0	-Inf	3.31632416830978	-Inf	-Inf	1	0.112439851156792	1	1	1	0.923334640493887	1	1
ISX_2	792	0	0	0	0	-Inf	-Inf	-Inf	-Inf	1	1	1	1	1	1	1	1
ISX_3	684	0	0	0	0	-Inf	-Inf	-Inf	-Inf	1	1	1	1	1	1	1	1
JDP2_1	641	0	0	0	0	-Inf	-Inf	-Inf	-Inf	1	1	1	1	1	1	1	1
JDP2_2	5983	0	0	4	1	-Inf	-Inf	1.60663957675437	-0.518891305329485	1	1	0.0676312683125674	0.769274086103023	1	1	0.814581053898033	1
JDP2_3	781	1	0	0	0	4.56108539870322	-Inf	-Inf	-Inf	0.0545451163322767	1	1	1	1	1	1	1
JDP2_4	7780	0	1	7	1	-Inf	0.312551697558523	2.44183471450349	-0.950482708275271	1	0.591783194685512	0.00227431358211467	0.856492865994937	1	1	0.308169490376538	1
KLF13_1	1263	0	0	1	1	-Inf	-Inf	1.6326050687373	1.85499749007374	1	1	0.289413563874192	0.256289960207996	1	1	1	1
LHX2_1	889	0	0	0	0	-Inf	-Inf	-Inf	-Inf	1	1	1	1	1	1	1	1
LHX2_2	803	0	0	0	0	-Inf	-Inf	-Inf	-Inf	1	1	1	1	1	1	1	1
LHX9_1	792	0	0	0	0	-Inf	-Inf	-Inf	-Inf	1	1	1	1	1	1	1	1
LHX9_2	779	0	1	0	0	-Inf	3.8278711922196	-Inf	-Inf	1	0.0804935362046193	1	1	1	0.923334640493887	1	1
LMX1A_1	717	0	0	0	0	-Inf	-Inf	-Inf	-Inf	1	1	1	1	1	1	1	1
LMX1B_1	717	0	0	0	0	-Inf	-Inf	-Inf	-Inf	1	1	1	1	1	1	1	1
LMX1B_2	684	0	0	0	0	-Inf	-Inf	-Inf	-Inf	1	1	1	1	1	1	1	1
MEF2A_1	1041	0	0	0	1	-Inf	-Inf	-Inf	2.1397118820861	1	1	1	0.216172491002893	1	1	1	1
MEF2B_1	1024	0	0	0	1	-Inf	-Inf	-Inf	2.16391169360447	1	1	1	0.213019551512066	1	1	1	1
MEF2D_1	1061	0	0	0	1	-Inf	-Inf	-Inf	2.11173304982359	1	1	1	0.219866901701126	1	1	1	1
MEIS1_1	1603	0	2	1	1	-Inf	4.0870657291427	1.27971080708509	1.50210322842154	1	0.0113414855407218	0.352726348553489	0.314070996100373	1	0.614708516307122	1	1
MEIS2_1	935	0	0	0	0	-Inf	-Inf	-Inf	-Inf	1	1	1	1	1	1	1	1
MEIS2_2	1163	0	0	0	1	-Inf	-Inf	-Inf	1.97662999432133	1	1	1	0.238459644209883	1	1	1	1
MNX1_1	1376	0	0	0	0	-Inf	-Inf	-Inf	-Inf	1	1	1	1	1	1	1	1
MSX1_1	1176	0	0	0	0	-Inf	-Inf	-Inf	-Inf	1	1	1	1	1	1	1	1
MSX1_2	1219	0	0	0	0	-Inf	-Inf	-Inf	-Inf	1	1	1	1	1	1	1	1
MSX1_3	792	0	0	0	0	-Inf	-Inf	-Inf	-Inf	1	1	1	1	1	1	1	1
MSX2_1	1213	0	0	0	0	-Inf	-Inf	-Inf	-Inf	1	1	1	1	1	1	1	1
MSX2_2	792	0	0	0	0	-Inf	-Inf	-Inf	-Inf	1	1	1	1	1	1	1	1
MYF6_1	1553	1	1	0	0	3.54914310634871	2.8121775121825	-Inf	-Inf	0.106237982317657	0.155049010995258	1	1	1	1	1	1
NEUROD2_1	812	0	0	0	0	-Inf	-Inf	-Inf	-Inf	1	1	1	1	1	1	1	1
NEUROG2_1	777	0	0	0	0	-Inf	-Inf	-Inf	-Inf	1	1	1	1	1	1	1	1
NEUROG2_2	926	0	0	0	0	-Inf	-Inf	-Inf	-Inf	1	1	1	1	1	1	1	1
NFIA_1	795	0	0	0	0	-Inf	-Inf	-Inf	-Inf	1	1	1	1	1	1	1	1
NFIA_2	1050	0	0	0	0	-Inf	-Inf	-Inf	-Inf	1	1	1	1	1	1	1	1
NFIB_1	852	0	0	0	0	-Inf	-Inf	-Inf	-Inf	1	1	1	1	1	1	1	1
NFIL3_1	2741	0	0	4	0	-Inf	-Inf	2.82325537680127	-Inf	1	1	0.00503212706784581	1	1	1	0.350343373459606	1
NFIX_1	840	0	0	1	0	-Inf	-Inf	2.23208640432979	-Inf	1	1	0.202574218676791	1	1	1	1	1
NFIX_2	1130	0	0	0	0	-Inf	-Inf	-Inf	-Inf	1	1	1	1	1	1	1	1
NFIX_3	925	0	0	0	0	-Inf	-Inf	-Inf	-Inf	1	1	1	1	1	1	1	1
NFIX_4	744	0	0	0	0	-Inf	-Inf	-Inf	-Inf	1	1	1	1	1	1	1	1
NR2F1_1	1106	0	1	0	0	-Inf	3.31366047890376	-Inf	-Inf	1	0.112633541142067	1	1	1	0.923334640493887	1	1
NR2F1_2	1071	0	0	2	0	-Inf	-Inf	2.98245981479002	-Inf	1	1	0.0324417806554985	1	1	1	0.606325693630351	1
NR2F1_3	660	0	1	0	0	-Inf	4.07012907804116	-Inf	-Inf	1	0.0685592191926159	1	1	1	0.923334640493887	1	1
NR2F1_4	1079	0	1	0	0	-Inf	3.35002526396949	-Inf	-Inf	1	0.110015752139931	1	1	1	0.923334640493887	1	1
NR2F6_1	971	0	0	2	0	-Inf	-Inf	3.1264948900813	-Inf	1	1	0.0270762043840794	1	1	1	0.598008916378821	1
NR2F6_2	1072	0	0	0	0	-Inf	-Inf	-Inf	-Inf	1	1	1	1	1	1	1	1
NR2F6_3	1048	0	1	0	0	-Inf	3.39289417572387	-Inf	-Inf	1	0.107002209390806	1	1	1	0.923334640493887	1	1
NR4A2_1	687	0	0	0	1	-Inf	-Inf	-Inf	2.74854768844965	1	1	1	0.148049320105251	1	1	1	1
NR4A2_2	457	0	0	0	0	-Inf	-Inf	-Inf	-Inf	1	1	1	1	1	1	1	1
NR4A2_3	983	0	1	0	1	-Inf	3.48697226796824	-Inf	2.22393786213445	1	0.100655876343836	1	0.205367175998554	1	0.923334640493887	1	1
ONECUT1_1	1091	0	0	0	1	-Inf	-Inf	-Inf	2.07071988008459	1	1	1	0.225378389252386	1	1	1	1
ONECUT1_2	983	0	0	0	1	-Inf	-Inf	-Inf	2.22393786213445	1	1	1	0.205367175998554	1	1	1	1
ONECUT2_1	1050	0	0	0	1	-Inf	-Inf	-Inf	2.12705673631482	1	1	1	0.217836969734612	1	1	1	1
ONECUT3_1	1215	1	0	0	1	3.91215831498315	-Inf	-Inf	1.91215831498315	0.0838737140631319	1	1	0.247780065977212	1	1	1	1
OTX1_1	1097	0	0	0	0	-Inf	-Inf	-Inf	-Inf	1	1	1	1	1	1	1	1
OTX1_2	609	0	0	0	0	-Inf	-Inf	-Inf	-Inf	1	1	1	1	1	1	1	1
OTX2_1	1049	0	0	0	0	-Inf	-Inf	-Inf	-Inf	1	1	1	1	1	1	1	1
OTX2_2	871	0	0	0	0	-Inf	-Inf	-Inf	-Inf	1	1	1	1	1	1	1	1
PAX1_1	2555	0	0	0	1	-Inf	-Inf	-Inf	0.804124705111401	1	1	1	0.454553771516612	1	1	1	1
PAX3_1	568	0	0	0	0	-Inf	-Inf	-Inf	-Inf	1	1	1	1	1	1	1	1
PAX5_1	2956	0	2	2	1	-Inf	3.16791715035322	1.46747743221213	0.582954649632068	1	0.0361352083490785	0.185616108897663	0.505349645910704	1	0.923334640493887	1	1
PAX6_1	2046	0	0	0	1	-Inf	-Inf	-Inf	1.1382939069923	1	1	1	0.383144102104255	1	1	1	1
PAX7_1	604	0	0	0	0	-Inf	-Inf	-Inf	-Inf	1	1	1	1	1	1	1	1
PAX7_2	483	0	0	0	0	-Inf	-Inf	-Inf	-Inf	1	1	1	1	1	1	1	1
PAX9_1	2450	0	0	0	0	-Inf	-Inf	-Inf	-Inf	1	1	1	1	1	1	1	1
PDX1_1	797	0	0	0	0	-Inf	-Inf	-Inf	-Inf	1	1	1	1	1	1	1	1
PDX1_2	762	0	0	0	0	-Inf	-Inf	-Inf	-Inf	1	1	1	1	1	1	1	1
PHOX2A_1	1099	0	0	0	0	-Inf	-Inf	-Inf	-Inf	1	1	1	1	1	1	1	1
PHOX2B_1	1126	0	0	0	0	-Inf	-Inf	-Inf	-Inf	1	1	1	1	1	1	1	1
PHOX2B_2	1100	0	0	0	0	-Inf	-Inf	-Inf	-Inf	1	1	1	1	1	1	1	1
PITX1_1	826	0	0	0	1	-Inf	-Inf	-Inf	2.47909189538832	1	1	1	0.175424630005335	1	1	1	1
PITX1_2	917	0	0	0	0	-Inf	-Inf	-Inf	-Inf	1	1	1	1	1	1	1	1
PITX1_3	1116	0	0	1	0	-Inf	-Inf	1.81498560175677	-Inf	1	1	0.260289191846843	1	1	1	1	1
PITX3_1	772	0	0	0	1	-Inf	-Inf	-Inf	2.57804183893363	1	1	1	0.164887546750045	1	1	1	1
PKNOX2_1	949	0	0	0	0	-Inf	-Inf	-Inf	-Inf	1	1	1	1	1	1	1	1
POU2F1_1	996	0	0	0	0	-Inf	-Inf	-Inf	-Inf	1	1	1	1	1	1	1	1
POU2F1_2	615	0	0	1	0	-Inf	-Inf	2.68775261968753	-Inf	1	1	0.152442738788102	1	1	1	1	1
POU2F3_1	1044	0	0	0	0	-Inf	-Inf	-Inf	-Inf	1	1	1	1	1	1	1	1
POU2F3_2	749	0	0	1	0	-Inf	-Inf	2.39988426240644	-Inf	1	1	0.182641785050746	1	1	1	1	1
POU4F1_1	1074	0	0	0	0	-Inf	-Inf	-Inf	-Inf	1	1	1	1	1	1	1	1
POU4F2_1	1040	0	0	0	0	-Inf	-Inf	-Inf	-Inf	1	1	1	1	1	1	1	1
POU4F2_2	955	0	0	0	0	-Inf	-Inf	-Inf	-Inf	1	1	1	1	1	1	1	1
POU4F3_1	1075	0	0	0	0	-Inf	-Inf	-Inf	-Inf	1	1	1	1	1	1	1	1
PRRX1_1	684	0	0	0	0	-Inf	-Inf	-Inf	-Inf	1	1	1	1	1	1	1	1
PRRX1_2	1185	0	0	0	0	-Inf	-Inf	-Inf	-Inf	1	1	1	1	1	1	1	1
PRRX1_3	1047	0	0	0	0	-Inf	-Inf	-Inf	-Inf	1	1	1	1	1	1	1	1
PRRX2_1	792	0	0	0	0	-Inf	-Inf	-Inf	-Inf	1	1	1	1	1	1	1	1
RARA_1	1099	0	0	0	2	-Inf	-Inf	-Inf	3.18550061191236	1	1	1	0.025926999767185	1	1	1	0.982852002565929
RARA_2	1118	0	0	0	0	-Inf	-Inf	-Inf	-Inf	1	1	1	1	1	1	1	1
RARA_3	1167	0	0	0	1	-Inf	-Inf	-Inf	1.97157146353889	1	1	1	0.239180366673168	1	1	1	1
RARA_4	875	0	1	1	0	-Inf	3.65770532838553	2.17227850121528	-Inf	1	0.0900281066398013	0.210119010591322	1	1	0.923334640493887	1	1
RARA_5	1309	0	0	0	1	-Inf	-Inf	-Inf	1.80217609884954	1	1	1	0.264361801545985	1	1	1	1
RARA_6	1219	0	0	0	1	-Inf	-Inf	-Inf	1.90731133674221	1	1	1	0.248492641967626	1	1	1	1
RARB_1	933	0	0	0	0	-Inf	-Inf	-Inf	-Inf	1	1	1	1	1	1	1	1
RARG_1	1051	0	0	1	0	-Inf	-Inf	1.90326476157573	-Inf	1	1	0.247059094414961	1	1	1	1	1
RARG_2	1202	0	0	0	2	-Inf	-Inf	-Inf	3.05355035178435	1	1	1	0.0306037752238864	1	1	1	0.982852002565929
RARG_3	1266	0	1	2	3	-Inf	3.1145301873456	2.73601856409187	3.69949268806675	1	0.128015047283858	0.0440020418023126	0.00276957886824356	1	0.950467885313026	0.650597634835023	0.982852002565929
RARG_4	1144	0	0	1	0	-Inf	-Inf	1.77850057931815	-Inf	1	1	0.265921174180508	1	1	1	1	1
RARG_5	1017	0	0	0	2	-Inf	-Inf	-Inf	3.29952199583286	1	1	1	0.0224391216769338	1	1	1	0.982852002565929
RARG_6	1273	0	0	1	2	-Inf	-Inf	1.62096412875247	2.96888743217278	1	1	0.29135540938253	0.0340117888155628	1	1	1	0.982852002565929
RAX_1	1059	0	0	0	0	-Inf	-Inf	-Inf	-Inf	1	1	1	1	1	1	1	1
RAXL1_1	515	0	0	0	0	-Inf	-Inf	-Inf	-Inf	1	1	1	1	1	1	1	1
RFX2_1	1089	0	0	0	0	-Inf	-Inf	-Inf	-Inf	1	1	1	1	1	1	1	1
RFX2_2	1175	0	0	1	0	-Inf	-Inf	1.7391126904031	-Inf	1	1	0.272109886828357	1	1	1	1	1
RFX3_1	1163	0	0	0	0	-Inf	-Inf	-Inf	-Inf	1	1	1	1	1	1	1	1
RFX3_2	1187	0	0	2	0	-Inf	-Inf	2.8310534246376	-Inf	1	1	0.0391508638971054	1	1	1	0.625067475665568	1
RFX4_1	1253	0	0	0	0	-Inf	-Inf	-Inf	-Inf	1	1	1	1	1	1	1	1
RFX4_2	1276	0	0	0	0	-Inf	-Inf	-Inf	-Inf	1	1	1	1	1	1	1	1
RFX5_1	1079	0	0	0	0	-Inf	-Inf	-Inf	-Inf	1	1	1	1	1	1	1	1
RFX5_2	1338	0	0	0	0	-Inf	-Inf	-Inf	-Inf	1	1	1	1	1	1	1	1
RFX5_3	1338	0	0	0	0	-Inf	-Inf	-Inf	-Inf	1	1	1	1	1	1	1	1
RORA_1	1180	0	0	1	1	-Inf	-Inf	1.73285522452482	1.95524764586127	1	1	0.273103493846186	0.241518368634943	1	1	1	1
RORA_2	893	0	0	1	0	-Inf	-Inf	2.14243094990418	-Inf	1	1	0.213973195109911	1	1	1	1	1
RXRA_1	1110	0	0	0	1	-Inf	-Inf	-Inf	2.04531282444169	1	1	1	0.228850384091486	1	1	1	1
RXRA_2	518	0	0	1	0	-Inf	-Inf	2.93790733268069	-Inf	1	1	0.129935946916321	1	1	1	1	1
RXRA_3	1102	0	0	0	1	-Inf	-Inf	-Inf	2.05595818472381	1	1	1	0.227390246148985	1	1	1	1
RXRA_4	535	0	0	1	0	-Inf	-Inf	2.8908791375132	-Inf	1	1	0.133920322104579	1	1	1	1	1
RXRB_1	1091	0	0	0	1	-Inf	-Inf	-Inf	2.07071988008459	1	1	1	0.225378389252386	1	1	1	1
RXRG_1	1113	0	0	0	1	-Inf	-Inf	-Inf	2.04134018510678	1	1	1	0.229397278801739	1	1	1	1
RXRG_2	544	0	0	1	0	-Inf	-Inf	2.86657763968409	-Inf	1	1	0.136022796435002	1	1	1	1	1
RXRG_3	1110	0	1	0	1	-Inf	3.30834723027549	-Inf	2.04531282444169	1	0.113020815442721	1	0.228850384091486	1	0.923334640493887	1	1
RXRG_4	706	0	0	1	0	-Inf	-Inf	2.48630233748793	-Inf	1	1	0.173062258603661	1	1	1	1	1
SHOX_1	684	0	0	0	0	-Inf	-Inf	-Inf	-Inf	1	1	1	1	1	1	1	1
SHOX2_1	792	0	0	0	0	-Inf	-Inf	-Inf	-Inf	1	1	1	1	1	1	1	1
SMAD3_1	491	0	0	0	0	-Inf	-Inf	-Inf	-Inf	1	1	1	1	1	1	1	1
SOX2_1	1198	0	0	0	2	-Inf	-Inf	-Inf	3.05846447324958	1	1	1	0.0304161786723001	1	1	1	0.982852002565929
SOX2_2	699	0	0	0	0	-Inf	-Inf	-Inf	-Inf	1	1	1	1	1	1	1	1
SOX2_3	722	0	0	0	0	-Inf	-Inf	-Inf	-Inf	1	1	1	1	1	1	1	1
SOX2_4	1316	0	0	0	1	-Inf	-Inf	-Inf	1.79429734550051	1	1	1	0.265583011409277	1	1	1	1
SOX2_5	766	0	0	0	0	-Inf	-Inf	-Inf	-Inf	1	1	1	1	1	1	1	1
SOX2_6	871	0	0	0	0	-Inf	-Inf	-Inf	-Inf	1	1	1	1	1	1	1	1
SOX8_1	1582	0	0	0	2	-Inf	-Inf	-Inf	2.64721486253669	1	1	1	0.0504661124534694	1	1	1	1
SOX8_2	748	0	0	0	0	-Inf	-Inf	-Inf	-Inf	1	1	1	1	1	1	1	1
SOX8_3	1330	0	1	1	0	-Inf	3.04169620086935	1.55626937369911	-Inf	1	0.134105112019268	0.302329688562758	1	1	0.974628003066221	1	1
SOX8_4	846	0	0	0	0	-Inf	-Inf	-Inf	-Inf	1	1	1	1	1	1	1	1
SOX8_5	847	0	0	0	0	-Inf	-Inf	-Inf	-Inf	1	1	1	1	1	1	1	1
SOX8_6	1388	0	1	0	0	-Inf	2.97858601349898	-Inf	-Inf	1	0.139593576794904	1	1	1	0.975240932793184	1	1
SOX8_7	707	0	0	0	0	-Inf	-Inf	-Inf	-Inf	1	1	1	1	1	1	1	1
SOX8_8	1025	0	0	0	0	-Inf	-Inf	-Inf	-Inf	1	1	1	1	1	1	1	1
SPDEF_1	1062	0	0	1	0	-Inf	-Inf	1.88795530136412	-Inf	1	1	0.249313447744764	1	1	1	1	1
SPDEF_2	679	0	0	0	0	-Inf	-Inf	-Inf	-Inf	1	1	1	1	1	1	1	1
SPDEF_3	976	1	0	1	0	4.23443137848384	-Inf	2.01203895714739	-Inf	0.0678084866726221	1	0.231519275772085	1	1	1	1	1
SPDEF_4	1000	0	0	1	0	-Inf	-Inf	1.97636363573276	-Inf	1	1	0.236524288629092	1	1	1	1	1
SPDEF_5	689	0	0	0	0	-Inf	-Inf	-Inf	-Inf	1	1	1	1	1	1	1	1
SPDEF_6	1305	1	0	1	0	3.80669672822307	-Inf	1.58430430688662	-Inf	0.0898692303179316	1	0.297536084047303	1	1	1	1	1
SREBF2_1	2386	0	0	3	0	-Inf	-Inf	2.49236359938051	-Inf	1	1	0.0238329102731436	1	1	1	0.598008916378821	1
TBX1_1	1341	0	0	0	0	-Inf	-Inf	-Inf	-Inf	1	1	1	1	1	1	1	1
TBX1_2	641	0	0	0	0	-Inf	-Inf	-Inf	-Inf	1	1	1	1	1	1	1	1
TBX1_3	1375	1	0	0	1	3.72947037452488	-Inf	-Inf	1.72947037452488	0.0945120260985305	1	1	0.275801957291243	1	1	1	1
TBX1_4	785	1	0	0	0	4.55361095220219	-Inf	-Inf	-Inf	0.0548185989006544	1	1	1	1	1	1	1
TBX1_5	781	0	0	0	0	-Inf	-Inf	-Inf	-Inf	1	1	1	1	1	1	1	1
TBX19_1	809	1	0	0	0	4.50953769984504	-Inf	-Inf	-Inf	0.0564582485756834	1	1	1	1	1	1	1
TBX20_1	1249	0	0	1	0	-Inf	-Inf	1.64905457411057	-Inf	1	1	0.286686635572157	1	1	1	1	1
TBX20_2	795	0	0	0	0	-Inf	-Inf	-Inf	-Inf	1	1	1	1	1	1	1	1
TBX20_3	1529	1	0	0	0	3.57224727394504	-Inf	-Inf	-Inf	0.104663635159371	1	1	1	1	1	1	1
TBX20_4	1386	1	0	0	1	3.71768466457502	-Inf	-Inf	1.71768466457502	0.0952399900827385	1	1	0.277692605617005	1	1	1	1
TBX20_5	1318	0	0	0	0	-Inf	-Inf	-Inf	-Inf	1	1	1	1	1	1	1	1
TBX2_1	1296	0	0	0	0	-Inf	-Inf	-Inf	-Inf	1	1	1	1	1	1	1	1
TBX2_2	1588	1	0	0	0	3.51606385354077	-Inf	-Inf	-Inf	0.108530182400952	1	1	1	1	1	1	1
TBX4_1	1657	1	0	0	0	3.45287354201584	-Inf	-Inf	-Inf	0.113036174222281	1	1	1	1	1	1	1
TBX4_2	1072	0	0	0	0	-Inf	-Inf	-Inf	-Inf	1	1	1	1	1	1	1	1
TBX5_1	1303	1	0	0	0	3.80896211767083	-Inf	-Inf	-Inf	0.0897363172165844	1	1	1	1	1	1	1
TBX5_2	951	0	0	0	0	-Inf	-Inf	-Inf	-Inf	1	1	1	1	1	1	1	1
TCF3_1	1110	0	0	0	0	-Inf	-Inf	-Inf	-Inf	1	1	1	1	1	1	1	1
TCF4_1	1083	0	0	0	0	-Inf	-Inf	-Inf	-Inf	1	1	1	1	1	1	1	1
TCF4_2	1083	0	0	0	0	-Inf	-Inf	-Inf	-Inf	1	1	1	1	1	1	1	1
TEF_1	2414	0	0	4	0	-Inf	-Inf	3.01534796433344	-Inf	1	1	0.00318914060648776	1	1	1	0.345702841743273	1
TEF_2	1357	0	1	3	0	-Inf	3.01199021429231	3.33391830917967	-Inf	1	0.136663705226998	0.00517111990346282	1	1	0.974628003066221	0.350343373459606	1
TFAP2B_1	912	0	0	0	0	-Inf	-Inf	-Inf	-Inf	1	1	1	1	1	1	1	1
TFAP2B_2	786	0	0	0	0	-Inf	-Inf	-Inf	-Inf	1	1	1	1	1	1	1	1
TFAP2B_3	462	0	0	0	0	-Inf	-Inf	-Inf	-Inf	1	1	1	1	1	1	1	1
TFAP4_1	1453	1	0	0	0	3.64780916172054	-Inf	-Inf	-Inf	0.0996644783156407	1	1	1	1	1	1	1
TFAP4_2	1316	0	0	0	0	-Inf	-Inf	-Inf	-Inf	1	1	1	1	1	1	1	1
TFE3_1	2834	1	0	2	1	2.64706990927899	-Inf	1.53159269185906	0.647069909278993	0.187300591913432	1	0.173777950342527	0.490377953176707	1	1	1	1
TFEB_1	2883	0	0	2	1	-Inf	-Inf	1.50553360144716	0.621010818867097	1	1	0.178514997745404	0.496440731761545	1	1	1	1
TFEC_1	2552	0	0	3	0	-Inf	-Inf	2.39086301152503	-Inf	1	1	0.028392271125951	1	1	1	0.598008916378821	1
UNCX_1	1019	0	0	0	0	-Inf	-Inf	-Inf	-Inf	1	1	1	1	1	1	1	1
UNCX_2	684	0	0	0	0	-Inf	-Inf	-Inf	-Inf	1	1	1	1	1	1	1	1
USF1_1	2736	1	0	2	1	2.70049379926272	-Inf	1.58501658184278	0.700493799262718	0.181301875779509	1	0.164380761165715	0.478049758441146	1	1	1	1
VSX2_1	285	0	0	0	0	-Inf	-Inf	-Inf	-Inf	1	1	1	1	1	1	1	1
Alx1_1	964	0	0	0	0	-Inf	-Inf	-Inf	-Inf	1	1	1	1	1	1	1	1
Alx1_2	817	0	0	0	0	-Inf	-Inf	-Inf	-Inf	1	1	1	1	1	1	1	1
Alx4_1	873	0	0	0	0	-Inf	-Inf	-Inf	-Inf	1	1	1	1	1	1	1	1
Arx_1	824	0	0	0	0	-Inf	-Inf	-Inf	-Inf	1	1	1	1	1	1	1	1
Ascl2_1	1461	0	0	0	0	-Inf	-Inf	-Inf	-Inf	1	1	1	1	1	1	1	1
Dbp_1	2894	0	0	4	0	-Inf	-Inf	2.7407493227174	-Inf	1	1	0.006102424668544	1	1	1	0.367501574483427	1
Dlx1_1	1021	1	0	0	0	4.16822313872474	-Inf	-Inf	-Inf	0.0708493408362354	1	1	1	1	1	1	1
Dlx2_1	1271	0	0	0	0	-Inf	-Inf	-Inf	-Inf	1	1	1	1	1	1	1	1
Elf5_1	1163	0	1	1	1	-Inf	3.23966440015512	1.75423757298488	1.97662999432133	1	0.11813891774499	0.269720055655827	0.238459644209883	1	0.923334640493887	1	1
Elk3_1	975	0	0	0	0	-Inf	-Inf	-Inf	-Inf	1	1	1	1	1	1	1	1
Foxc1_1	3064	0	1	1	0	-Inf	1.79128362606368	0.305856798893433	-Inf	1	0.286138675644755	0.569469001412683	1	1	1	1	1
Foxc1_2	5297	1	0	2	2	1.67641977226972	-Inf	0.560942554849789	0.801950654353583	0.327536289394058	1	0.420929017790925	0.351277530579912	1	1	1	1
Foxg1_1	2018	0	0	1	0	-Inf	-Inf	0.936528717792623	-Inf	1	1	0.422868798070157	1	1	1	1	1
Foxg1_2	894	1	1	0	0	4.36318257774154	3.62621698357533	-Inf	-Inf	0.0622481893586236	0.0919053552850507	1	1	1	0.923334640493887	1	1
Foxg1_3	4661	0	2	4	1	-Inf	2.46387068380379	2.0044390651665	-0.121091816917362	1	0.0826707127631426	0.0308934495546254	0.67630232904177	1	0.923334640493887	0.598008916378821	1
Foxj3_1	995	1	0	0	0	4.20611856018801	-Inf	-Inf	-Inf	0.0690933118393825	1	1	1	1	1	1	1
Foxj3_2	2748	0	1	0	1	-Inf	1.95688991402096	-Inf	0.693855508187162	1	0.26022926534159	1	0.479573984956998	1	1	1	1
Foxj3_3	2078	0	1	0	1	-Inf	2.37808431631513	-Inf	1.11504991048134	1	0.202695077817201	1	0.387875999560139	1	1	1	1
Foxj3_4	2925	0	1	1	0	-Inf	1.86204016720156	0.376613340031317	-Inf	1	0.274836595966187	0.552223872379507	1	1	1	1	1
Foxk1_1	974	1	1	0	0	4.2374431061386	3.5004775119724	-Inf	-Inf	0.0676731645938986	0.0997741985009037	1	1	1	0.923334640493887	1	1
Foxk1_2	4661	0	2	4	1	-Inf	2.46387068380379	2.0044390651665	-0.121091816917362	1	0.0826707127631426	0.0308934495546254	0.67630232904177	1	0.923334640493887	0.598008916378821	1
Hlf_1	2861	0	0	3	0	-Inf	-Inf	2.21762106019091	-Inf	1	1	0.0380615560850342	1	1	1	0.625067475665568	1
Hnf4a_1	904	0	2	0	1	-Inf	4.93183573681321	-Inf	2.34687323609206	1	0.00372818079059815	1	0.190428331790988	1	0.487108442393505	1	1
Hoxa2_1	1059	0	0	1	0	-Inf	-Inf	1.89211512844759	-Inf	1	1	0.248699249686863	1	1	1	1	1
Hoxc10_1	1465	0	0	0	1	-Inf	-Inf	-Inf	1.63562630413192	1	1	1	0.291137617673109	1	1	1	1
Hoxc10_2	1782	0	0	1	1	-Inf	-Inf	1.12224057009907	1.34463299143552	1	1	0.383903334261974	0.34279784143157	1	1	1	1
Hoxd3_1	1115	0	0	0	0	-Inf	-Inf	-Inf	-Inf	1	1	1	1	1	1	1	1
Hoxd9_1	1123	0	0	0	2	-Inf	-Inf	-Inf	3.15370429033529	1	1	1	0.0269877949951949	1	1	1	0.982852002565929
Hoxd9_2	1609	0	0	0	0	-Inf	-Inf	-Inf	-Inf	1	1	1	1	1	1	1	1
Hoxd9_3	1373	0	0	0	0	-Inf	-Inf	-Inf	-Inf	1	1	1	1	1	1	1	1
Irx3_1	1078	0	0	0	0	-Inf	-Inf	-Inf	-Inf	1	1	1	1	1	1	1	1
Jdp2_1	717	1	0	0	0	4.68610325648588	-Inf	-Inf	-Inf	0.0501613186682043	1	1	1	1	1	1	1
Jdp2_2	6654	0	1	5	1	-Inf	0.571340149399705	1.89326824428707	-0.691694256434088	1	0.531260375586136	0.0253088171480471	0.806370651538048	1	1	0.598008916378821	1
Klf12_1	1318	0	0	1	0	-Inf	-Inf	1.56966136383255	-Inf	1	1	0.300032581535342	1	1	1	1	1
Lhx4_1	717	0	0	0	0	-Inf	-Inf	-Inf	-Inf	1	1	1	1	1	1	1	1
Meis2_1	1603	0	2	1	1	-Inf	4.0870657291427	1.27971080708509	1.50210322842154	1	0.0113414855407218	0.352726348553489	0.314070996100373	1	0.614708516307122	1	1
Meis2_2	1006	0	0	0	0	-Inf	-Inf	-Inf	-Inf	1	1	1	1	1	1	1	1
Meis3_1	1603	0	2	1	1	-Inf	4.0870657291427	1.27971080708509	1.50210322842154	1	0.0113414855407218	0.352726348553489	0.314070996100373	1	0.614708516307122	1	1
Meis3_2	944	0	0	0	0	-Inf	-Inf	-Inf	-Inf	1	1	1	1	1	1	1	1
Msx3_1	1151	0	0	0	0	-Inf	-Inf	-Inf	-Inf	1	1	1	1	1	1	1	1
Msx3_2	792	0	0	0	0	-Inf	-Inf	-Inf	-Inf	1	1	1	1	1	1	1	1
Nr2f6_1	1003	0	0	2	0	-Inf	-Inf	3.07887866766228	-Inf	1	1	0.0287496132162294	1	1	1	0.598008916378821	1
Nr2f6_2	1098	0	0	0	0	-Inf	-Inf	-Inf	-Inf	1	1	1	1	1	1	1	1
Otx1_1	1079	0	0	0	0	-Inf	-Inf	-Inf	-Inf	1	1	1	1	1	1	1	1
Otx1_2	1177	0	0	1	0	-Inf	-Inf	1.73660658301977	-Inf	1	1	0.272507481653558	1	1	1	1	1
Pknox2_1	939	0	0	0	0	-Inf	-Inf	-Inf	-Inf	1	1	1	1	1	1	1	1
Prrx2_1	684	0	0	0	0	-Inf	-Inf	-Inf	-Inf	1	1	1	1	1	1	1	1
Rara_1	1134	0	1	0	1	-Inf	3.27685636041566	-Inf	2.01382195458187	1	0.115341504641329	1	0.23321552870529	1	0.923334640493887	1	1
Rara_2	1125	0	0	0	1	-Inf	-Inf	-Inf	2.02555384045888	1	1	1	0.23158127940052	1	1	1	1
Rara_3	937	0	1	2	0	-Inf	3.55731840910984	3.17880678585611	-Inf	1	0.0961419514486739	0.0253442605901591	1	1	0.923334640493887	0.598008916378821	1
Rarb_1	977	0	0	2	0	-Inf	-Inf	3.11745056985887	-Inf	1	1	0.0273867903292446	1	1	1	0.598008916378821	1
Rarb_2	1162	0	1	1	2	-Inf	3.24093169366537	1.75550486649512	3.10342816991543	1	0.118042578090688	0.269520572852754	0.0287493208985956	1	0.923334640493887	1	0.982852002565929
Rarb_3	1270	0	0	0	1	-Inf	-Inf	-Inf	1.84683942533245	1	1	1	0.257523534720852	1	1	1	1
Rarg_1	977	0	0	1	0	-Inf	-Inf	2.01053536594236	-Inf	1	1	0.231728427908809	1	1	1	1	1
Rarg_2	1082	0	0	0	2	-Inf	-Inf	-Inf	3.20843742701395	1	1	1	0.0251864402739149	1	1	1	0.982852002565929
Rarg_3	1117	0	1	1	1	-Inf	3.29909402680938	1.81366719963914	2.03605962097559	1	0.113698206551482	0.260491026570936	0.230125914836263	1	0.923334640493887	1	1
Rfx2_1	1171	0	0	0	0	-Inf	-Inf	-Inf	-Inf	1	1	1	1	1	1	1	1
Rfx2_2	1192	0	0	1	0	-Inf	-Inf	1.71794252810642	-Inf	1	1	0.275482988188598	1	1	1	1	1
Rfx3_1	1217	0	0	0	0	-Inf	-Inf	-Inf	-Inf	1	1	1	1	1	1	1	1
Rxra_1	1099	0	1	0	1	-Inf	3.3230041356623	-Inf	2.0599697298285	1	0.11195547205056	1	0.226842036788613	1	0.923334640493887	1	1
Rxra_2	454	0	0	1	0	-Inf	-Inf	3.12982766995875	-Inf	1	1	0.114781989771117	1	1	1	1	1
Rxrb_1	1099	0	1	0	1	-Inf	3.3230041356623	-Inf	2.0599697298285	1	0.11195547205056	1	0.226842036788613	1	0.923334640493887	1	1
Shox2_1	684	0	0	0	0	-Inf	-Inf	-Inf	-Inf	1	1	1	1	1	1	1	1
Srebf1_1	2277	0	0	3	0	-Inf	-Inf	2.562748540692	-Inf	1	1	0.0210800800569243	1	1	1	0.598008916378821	1
Tcfap2a_1	885	0	0	0	0	-Inf	-Inf	-Inf	-Inf	1	1	1	1	1	1	1	1
Tcfap2a_2	851	0	0	0	0	-Inf	-Inf	-Inf	-Inf	1	1	1	1	1	1	1	1
Tcfap2a_3	477	0	0	0	0	-Inf	-Inf	-Inf	-Inf	1	1	1	1	1	1	1	1
Uncx_1	1025	0	0	0	0	-Inf	-Inf	-Inf	-Inf	1	1	1	1	1	1	1	1
Uncx_2	1153	0	0	0	0	-Inf	-Inf	-Inf	-Inf	1	1	1	1	1	1	1	1
Vsx1_1	515	0	0	0	0	-Inf	-Inf	-Inf	-Inf	1	1	1	1	1	1	1	1
AHR_si	1689	0	0	1	0	-Inf	-Inf	1.20203701605175	-Inf	1	1	0.36788455945546	1	1	1	1	1
ALX1_si	956	0	0	0	0	-Inf	-Inf	-Inf	-Inf	1	1	1	1	1	1	1	1
AP2B_f1	976	0	0	0	0	-Inf	-Inf	-Inf	-Inf	1	1	1	1	1	1	1	1
AP2D_f1	1131	0	0	1	1	-Inf	-Inf	1.79532999750946	2.01772241884591	1	1	0.263311321094194	0.232671135759995	1	1	1	1
ARNT2_si	1534	1	0	1	0	3.56740498237893	-Inf	1.34501256104248	-Inf	0.104991795533157	1	0.340319955454758	1	1	1	1	1
ARNT_f1	1472	0	0	1	1	-Inf	-Inf	1.40617198794906	1.62856440928551	1	1	0.328983218111856	0.292317736263536	1	1	1	1
ATF1_si	7725	0	1	7	1	-Inf	0.324428465877822	2.45371148282279	-0.938605939955972	1	0.588986619318168	0.00218073351391845	0.854354088170348	1	1	0.308169490376538	1
BARX2_si	1128	0	0	0	0	-Inf	-Inf	-Inf	-Inf	1	1	1	1	1	1	1	1
BMAL1_f1	2249	0	1	2	0	-Inf	2.25942154455395	1.88090992130022	-Inf	1	0.217721825888928	0.119566225328441	1	1	1	1	1
BRAC_si	930	0	0	0	0	-Inf	-Inf	-Inf	-Inf	1	1	1	1	1	1	1	1
CDC5L_si	994	0	0	0	0	-Inf	-Inf	-Inf	-Inf	1	1	1	1	1	1	1	1
CDX1_f1	675	0	0	0	0	-Inf	-Inf	-Inf	-Inf	1	1	1	1	1	1	1	1
CDX2_f1	861	0	0	0	2	-Inf	-Inf	-Inf	3.54383733910459	1	1	1	0.0164105240493184	1	1	1	0.982852002565929
COT1_f1	1072	0	1	0	0	-Inf	3.35959879033743	-Inf	-Inf	1	0.109336016607202	1	1	1	0.923334640493887	1	1
COT1_si	1041	0	1	0	1	-Inf	3.4027462879199	-Inf	2.1397118820861	1	0.10632055649793	1	0.216172491002893	1	0.923334640493887	1	1
COT2_f1	905	0	1	0	1	-Inf	3.60828647972356	-Inf	2.34525207388977	1	0.092990707590658	1	0.190619040153375	1	0.923334640493887	1	1
COT2_f2	1096	0	0	0	2	-Inf	-Inf	-Inf	3.18952290309012	1	1	1	0.0257956570565889	1	1	1	0.982852002565929
CREB1_f1	8631	0	1	8	1	-Inf	0.137153980287652	2.65172715311741	-1.12588042554614	1	0.633074635121616	0.000726008835680746	0.886100712392613	1	1	0.308169490376538	1
CREM_f1	6788	0	1	4	1	-Inf	0.538659607717665	1.40115608396773	-0.724374798116129	1	0.538832607526401	0.0982109151186515	0.813084593021367	1	1	1	1
CRX_si	785	0	0	0	0	-Inf	-Inf	-Inf	-Inf	1	1	1	1	1	1	1	1
DBP_si	1212	0	0	0	0	-Inf	-Inf	-Inf	-Inf	1	1	1	1	1	1	1	1
DLX2_f1	1653	0	0	0	0	-Inf	-Inf	-Inf	-Inf	1	1	1	1	1	1	1	1
DLX3_do	1048	1	0	0	0	4.12985976989007	-Inf	-Inf	-Inf	0.0726702786509082	1	1	1	1	1	1	1
EHF_si	1239	0	0	0	1	-Inf	-Inf	-Inf	1.88330732962956	1	1	1	0.252046184774279	1	1	1	1
ELF1_f1	1254	0	0	0	0	-Inf	-Inf	-Inf	-Inf	1	1	1	1	1	1	1	1
ELF2_f1	984	0	0	0	0	-Inf	-Inf	-Inf	-Inf	1	1	1	1	1	1	1	1
ELF3_f1	1425	0	0	0	1	-Inf	-Inf	-Inf	1.67662109862298	1	1	1	0.284359161621493	1	1	1	1
ELF5_f1	1350	0	1	0	0	-Inf	3.01963602742676	-Inf	-Inf	1	0.136000972006642	1	1	1	0.974628003066221	1	1
ELK1_f1	1064	0	0	0	0	-Inf	-Inf	-Inf	-Inf	1	1	1	1	1	1	1	1
ELK3_f1	1026	1	1	0	0	4.16104427828649	3.42407868412029	-Inf	-Inf	0.0711867536914229	0.104858411529585	1	1	1	0.923334640493887	1	1
ELK4_f1	1045	0	0	0	0	-Inf	-Inf	-Inf	-Inf	1	1	1	1	1	1	1	1
EPAS1_si	1579	1	0	2	0	3.52450180963086	-Inf	2.40902459221092	-Inf	0.107941181128118	1	0.0652590597545503	1	1	1	0.803872963340142	1
ERG_f1	1077	0	0	0	1	-Inf	-Inf	-Inf	2.08971992327368	1	1	1	0.222810850129241	1	1	1	1
ETS2_f1	1231	0	0	1	1	-Inf	-Inf	1.67047073519522	1.89286315653167	1	1	0.283166232315424	0.25062663308429	1	1	1	1
ETV4_f1	985	0	0	0	0	-Inf	-Inf	-Inf	-Inf	1	1	1	1	1	1	1	1
ETV5_f1	1195	0	0	1	1	-Inf	-Inf	1.71423730487958	1.93662972621603	1	1	0.276076724783808	0.244207821383959	1	1	1	1
FEV_f1	1155	0	0	0	1	-Inf	-Inf	-Inf	1.98679834963563	1	1	1	0.237016308255503	1	1	1	1
FLI1_f1	1290	0	0	0	1	-Inf	-Inf	-Inf	1.82377042170348	1	1	1	0.261037633872408	1	1	1	1
FOXA1_f1	2858	0	3	2	0	-Inf	4.21921594978705	1.51877623164596	-Inf	1	0.0023526057208239	0.176095072098211	1	1	0.487108442393505	1	1
FOXA3_f1	3056	0	1	2	0	-Inf	1.79527302204885	1.41676139879512	-Inf	1	0.28549220246225	0.195421930183991	1	1	1	1	1
FOXC1_f1	2341	0	1	3	0	-Inf	2.19911297916452	2.52104107405188	-Inf	1	0.225708248434171	0.0226733275492429	1	1	1	0.598008916378821	1
FOXC2_f1	1946	0	0	0	0	-Inf	-Inf	-Inf	-Inf	1	1	1	1	1	1	1	1
FOXD3_f1	3085	0	0	3	1	-Inf	-Inf	2.10278606207469	0.51782356135353	1	1	0.0460267336219203	0.520737963355951	1	1	0.650597634835023	1
FOXF1_f1	3270	0	1	2	0	-Inf	1.69179366578165	1.31328204252792	-Inf	1	0.302618294147645	0.216665312523037	1	1	1	1	1
FOXF2_f1	2869	0	3	3	0	-Inf	4.21337574502305	2.21337574502305	-Inf	1	0.0023787987539818	0.0383322637771273	1	1	0.487108442393505	0.625067475665568	1
FOXI1_f1	1577	1	0	0	0	3.52638325198328	-Inf	-Inf	-Inf	0.107810252329865	1	1	1	1	1	1	1
FOXJ2_f1	3181	0	0	2	0	-Inf	-Inf	1.35552115539288	-Inf	1	1	0.207791789913537	1	1	1	1	1
FOXJ3_f2	3348	1	2	2	1	2.39261834615265	2.97758084687381	1.27714112873272	0.392618346152653	0.218225197625652	0.0454808940988415	0.224481229143093	0.550751470799858	1	0.923334640493887	1	1
FOXJ3_si	3412	0	0	3	1	-Inf	-Inf	1.94851102076455	0.363548520043398	1	1	0.0590685249881943	0.557787749460438	1	1	0.790712505068784	1
FOXM1_f1	3080	0	0	1	0	-Inf	-Inf	0.297907362520267	-Inf	1	1	0.571413765581161	1	1	1	1	1
FOXP2_si	3159	0	1	2	1	-Inf	1.74464497329104	1.36613335003731	0.481610567457245	1	0.293778358701303	0.205606406339402	0.529364679561668	1	1	1	1
FOXQ1_f1	2421	1	0	2	1	2.88545152184323	-Inf	1.7699743044233	0.885451521843232	0.161795173386395	1	0.134988682561306	0.436534182744706	1	1	1	1
GABPA_f1	1089	0	0	1	0	-Inf	-Inf	1.8510270679927	-Inf	1	1	0.254820180098564	1	1	1	1	1
GATA1_si	867	1	0	0	0	4.40813096034444	-Inf	-Inf	-Inf	0.0604119278856217	1	1	1	1	1	1	1
GATA3_si	643	1	0	0	0	4.8451843559413	-Inf	-Inf	-Inf	0.0450735684440149	1	1	1	1	1	1	1
GATA4_f1	1159	0	0	0	0	-Inf	-Inf	-Inf	-Inf	1	1	1	1	1	1	1	1
GATA5_f1	739	0	0	0	0	-Inf	-Inf	-Inf	-Inf	1	1	1	1	1	1	1	1
GATA6_f2	2103	0	0	0	1	-Inf	-Inf	-Inf	1.09712879408661	1	1	1	0.391549455978415	1	1	1	1
HES1_f1	1758	0	0	0	1	-Inf	-Inf	-Inf	1.36483267831376	1	1	1	0.339011761585005	1	1	1	1
HEY2_f1	1544	0	0	2	0	-Inf	-Inf	2.44228902798977	-Inf	1	1	0.0627318039076711	1	1	1	0.790712505068784	1
HIF1A_si	1188	0	0	2	0	-Inf	-Inf	2.82981224607715	-Inf	1	1	0.0392108748572496	1	1	1	0.625067475665568	1
HLF_si	1870	1	0	2	1	3.27275243722892	-Inf	2.15727521980898	1.27275243722892	0.126838274121117	1	0.0875621765336402	0.356509529832679	1	1	1	1
HNF1A_f1	1079	0	1	0	1	-Inf	3.35002526396949	-Inf	2.0869908581357	1	0.110015752139931	1	0.223178121755701	1	0.923334640493887	1	1
HNF1B_f1	1046	0	1	0	1	-Inf	3.39570246166881	-Inf	2.13266805583502	1	0.106807495648402	1	0.217097604623676	1	0.923334640493887	1	1
HNF4A_f1	1092	0	2	0	1	-Inf	4.65433439467517	-Inf	2.06937189395402	1	0.00539234438073991	1	0.225561484962121	1	0.487108442393505	1	1
HNF4G_f1	1009	0	2	2	0	-Inf	4.77055667239863	3.07011695425753	-Inf	1	0.00462177777427118	0.0290679953262999	1	1	0.487108442393505	0.598008916378821	1
HNF6_f1	1119	0	0	0	1	-Inf	-Inf	-Inf	2.03342628212331	1	1	1	0.230489994319995	1	1	1	1
HXA10_f1	1028	0	0	0	0	-Inf	-Inf	-Inf	-Inf	1	1	1	1	1	1	1	1
HXA1_f1	795	0	1	0	1	-Inf	3.79812226646336	-Inf	2.53508786062957	1	0.0820883869968685	1	0.169390667067292	1	0.923334640493887	1	1
HXA5_si	882	0	0	0	0	-Inf	-Inf	-Inf	-Inf	1	1	1	1	1	1	1	1
HXA7_f1	670	0	0	0	0	-Inf	-Inf	-Inf	-Inf	1	1	1	1	1	1	1	1
HXA9_f1	1210	0	1	1	0	-Inf	3.18127343401086	1.69584660684061	-Inf	1	0.12265700021321	0.279038601954702	1	1	0.923334640493887	1	1
HXB1_f1	876	0	1	0	0	-Inf	3.65603134658789	-Inf	-Inf	1	0.0901269897577976	1	1	1	0.923334640493887	1	1
HXB6_f1	912	0	1	0	0	-Inf	3.59698743573559	-Inf	-Inf	1	0.0936808233249012	1	1	1	0.923334640493887	1	1
HXB7_si	1022	0	1	0	0	-Inf	3.42981901630844	-Inf	-Inf	1	0.104468169704871	1	1	1	0.923334640493887	1	1
HXB8_do	1014	0	0	0	0	-Inf	-Inf	-Inf	-Inf	1	1	1	1	1	1	1	1
HXC6_f1	1215	0	0	0	0	-Inf	-Inf	-Inf	-Inf	1	1	1	1	1	1	1	1
HXC8_f1	954	0	0	0	0	-Inf	-Inf	-Inf	-Inf	1	1	1	1	1	1	1	1
HXD10_f1	1457	0	0	0	0	-Inf	-Inf	-Inf	-Inf	1	1	1	1	1	1	1	1
HXD4_f1	613	0	0	0	1	-Inf	-Inf	-Inf	2.91489638906175	1	1	1	0.133135558663238	1	1	1	1
HXD9_f1	911	0	0	0	0	-Inf	-Inf	-Inf	-Inf	1	1	1	1	1	1	1	1
ISL1_f1	1651	0	1	0	0	-Inf	2.72130044570368	-Inf	-Inf	1	0.164118581167504	1	1	1	1	1	1
ITF2_f1	955	0	0	0	0	-Inf	-Inf	-Inf	-Inf	1	1	1	1	1	1	1	1
JUNB_f1	1030	1	0	0	0	4.15532586669119	-Inf	-Inf	-Inf	0.071456617803375	1	1	1	1	1	1	1
JUND_f1	1011	1	0	0	0	4.18268496343996	-Inf	-Inf	-Inf	0.0701742393449394	1	1	1	1	1	1	1
JUN_f1	996	1	0	0	0	4.20464315772402	-Inf	-Inf	-Inf	0.0691608974052713	1	1	1	1	1	1	1
KLF15_f1	1524	0	0	2	0	-Inf	-Inf	2.46162776370083	-Inf	1	1	0.0613037561817391	1	1	1	0.790712505068784	1
KLF1_f1	1914	0	0	0	0	-Inf	-Inf	-Inf	-Inf	1	1	1	1	1	1	1	1
KLF3_f1	1263	0	0	0	0	-Inf	-Inf	-Inf	-Inf	1	1	1	1	1	1	1	1
KLF4_f2	2036	0	0	0	0	-Inf	-Inf	-Inf	-Inf	1	1	1	1	1	1	1	1
KLF6_si	645	0	0	0	0	-Inf	-Inf	-Inf	-Inf	1	1	1	1	1	1	1	1
KLF8_f1	940	0	0	0	0	-Inf	-Inf	-Inf	-Inf	1	1	1	1	1	1	1	1
LHX2_f1	1044	0	0	0	0	-Inf	-Inf	-Inf	-Inf	1	1	1	1	1	1	1	1
LHX3_f1	1071	0	0	0	0	-Inf	-Inf	-Inf	-Inf	1	1	1	1	1	1	1	1
MAFA_f1	1164	0	0	1	0	-Inf	-Inf	1.75297134563007	-Inf	1	1	0.269919487613974	1	1	1	1	1
MAF_f1	1597	0	0	1	0	-Inf	-Inf	1.28527977778866	-Inf	1	1	0.351656239148331	1	1	1	1	1
MEF2A_f1	1102	0	0	0	1	-Inf	-Inf	-Inf	2.05595818472381	1	1	1	0.227390246148985	1	1	1	1
MEF2C_f1	1004	0	0	0	1	-Inf	-Inf	-Inf	2.19289203211384	1	1	1	0.209295224267224	1	1	1	1
MEF2D_f1	1188	0	0	0	1	-Inf	-Inf	-Inf	1.94528946349709	1	1	1	0.242953840803387	1	1	1	1
MEIS1_f2	1274	0	0	1	1	-Inf	-Inf	1.61980495177009	1.84219737310654	1	1	0.291549321286852	0.258227586172347	1	1	1	1
MEIS2_do	1282	0	0	0	2	-Inf	-Inf	-Inf	2.95848670452227	1	1	1	0.0344542214921636	1	1	1	0.982852002565929
MITF_f1	1127	0	0	0	0	-Inf	-Inf	-Inf	-Inf	1	1	1	1	1	1	1	1
MSX2_f1	2585	0	1	2	0	-Inf	2.04950943598567	1.67099781273194	-Inf	1	0.24656123933849	0.150123899633229	1	1	1	1	1
MYF6_f1	1341	0	0	0	1	-Inf	-Inf	-Inf	1.76648897080263	1	1	1	0.269929215347414	1	1	1	1
MYOD1_f1	1627	0	0	0	2	-Inf	-Inf	-Inf	2.60555867816702	1	1	1	0.0530676791047714	1	1	1	1
MYOG_f1	2038	0	0	0	1	-Inf	-Inf	-Inf	1.14415954335505	1	1	1	0.381955863652906	1	1	1	1
NDF1_f1	1308	0	0	0	0	-Inf	-Inf	-Inf	-Inf	1	1	1	1	1	1	1	1
NFIL3_si	1293	0	0	3	0	-Inf	-Inf	3.40530273110754	-Inf	1	1	0.00451930417447194	1	1	1	0.350343373459606	1
NFYA_f1	1570	1	0	0	0	3.53298659719243	-Inf	-Inf	-Inf	0.107351888035076	1	1	1	1	1	1	1
NKX21_f1	862	1	0	2	0	4.4166057030358	-Inf	3.30112848561586	-Inf	0.0600715837472257	1	0.0216959241734751	1	1	1	0.598008916378821	1
NKX22_si	1303	0	0	0	1	-Inf	-Inf	-Inf	1.80896211767083	1	1	1	0.263313558609456	1	1	1	1
NKX25_f1	1268	1	0	2	0	3.84916580978671	-Inf	2.73368859236677	-Inf	0.0874079805533875	1	0.0441277121607584	1	1	1	0.650597634835023	1
NKX28_f1	639	0	0	0	0	-Inf	-Inf	-Inf	-Inf	1	1	1	1	1	1	1	1
NKX31_si	782	0	0	0	0	-Inf	-Inf	-Inf	-Inf	1	1	1	1	1	1	1	1
NKX32_f1	975	0	0	0	0	-Inf	-Inf	-Inf	-Inf	1	1	1	1	1	1	1	1
NR2C1_si	869	0	0	1	0	-Inf	-Inf	2.18236210468053	-Inf	1	1	0.208830367699001	1	1	1	1	1
NR2F6_f1	1025	0	1	0	1	-Inf	3.4255117054279	-Inf	2.1624772995941	1	0.104760864361441	1	0.213205342123884	1	0.923334640493887	1	1
NR4A2_si	913	0	1	0	1	-Inf	3.59538025347886	-Inf	2.33234584764507	1	0.0937793755569512	1	0.192143214840745	1	0.923334640493887	1	1
NR4A3_f1	779	0	1	0	1	-Inf	3.8278711922196	-Inf	2.56483678638581	1	0.0804935362046193	1	0.166260441510406	1	0.923334640493887	1	1
NR5A2_f1	995	0	1	0	0	-Inf	3.4691529660218	-Inf	-Inf	1	0.101830327332108	1	1	1	0.923334640493887	1	1
NR6A1_do	808	0	0	0	0	-Inf	-Inf	-Inf	-Inf	1	1	1	1	1	1	1	1
ONEC2_si	1281	0	0	0	0	-Inf	-Inf	-Inf	-Inf	1	1	1	1	1	1	1	1
OTX1_f1	270	0	0	1	0	-Inf	-Inf	3.88432398484499	-Inf	1	1	0.069830812672708	1	1	1	0.822789140621907	1
OTX2_si	1049	1	0	1	1	4.12845759780875	-Inf	1.90606517647231	2.12845759780875	0.0727376693504722	1	0.246648533748456	0.217652188906789	1	1	1	1
PAX5_f1	2517	0	2	0	1	-Inf	3.41172896526061	-Inf	0.826766464539456	1	0.0267614134633104	1	0.4494985468549	1	0.923334640493887	1	1
PAX5_si	652	0	0	0	0	-Inf	-Inf	-Inf	-Inf	1	1	1	1	1	1	1	1
PAX6_f1	1549	0	1	0	1	-Inf	2.81600400793748	-Inf	1.55296960210369	1	0.154677089685796	1	0.305179892383238	1	1	1	1
PAX8_f1	1527	0	1	0	1	-Inf	2.83722290711985	-Inf	1.57418850128606	1	0.152629083018248	1	0.301527187606713	1	1	1	1
PBX1_do	1061	0	1	0	0	-Inf	3.37476745565739	-Inf	-Inf	1	0.108266986707886	1	1	1	0.923334640493887	1	1
PBX2_f1	1176	0	0	0	0	-Inf	-Inf	-Inf	-Inf	1	1	1	1	1	1	1	1
PDX1_do	829	0	0	0	1	-Inf	-Inf	-Inf	2.47378325664884	1	1	1	0.176006409407799	1	1	1	1
PITX2_si	946	0	0	1	0	-Inf	-Inf	2.05786500458107	-Inf	1	1	0.225219944148552	1	1	1	1	1
PO2F1_f1	984	0	0	0	0	-Inf	-Inf	-Inf	-Inf	1	1	1	1	1	1	1	1
PO4F2_si	791	0	0	0	0	-Inf	-Inf	-Inf	-Inf	1	1	1	1	1	1	1	1
PPARA_f1	1075	0	1	0	1	-Inf	3.35548836746225	-Inf	2.09245396162845	1	0.109627384791007	1	0.22244341822423	1	0.923334640493887	1	1
PPARA_f2	1089	0	0	1	0	-Inf	-Inf	1.8510270679927	-Inf	1	1	0.254820180098564	1	1	1	1	1
PPARD_f1	986	0	0	1	0	-Inf	-Inf	1.99707066896133	-Inf	1	1	0.233608407812052	1	1	1	1	1
PPARG_f1	1029	0	1	0	2	-Inf	3.41978782969832	-Inf	3.28228430594839	1	0.105150999890885	1	0.0229361600538921	1	0.923334640493887	1	0.982852002565929
PPARG_si	929	0	1	0	0	-Inf	3.56989810962668	-Inf	-Inf	1	0.0953549971546137	1	1	1	0.923334640493887	1	1
PRRX1_f1	1564	0	1	0	0	-Inf	2.80170381130946	-Inf	-Inf	1	0.156071091540582	1	1	1	1	1	1
PRRX2_f1	2744	0	0	0	1	-Inf	-Inf	-Inf	0.696065211324468	1	1	1	0.479066366582455	1	1	1	1
RARA_f1	932	0	1	1	1	-Inf	3.56516828644649	2.07974145927625	2.3021338806127	1	0.0956501718985927	0.222263792754154	0.195752517475445	1	0.923334640493887	1	1
RARA_f2	1036	0	0	0	0	-Inf	-Inf	-Inf	-Inf	1	1	1	1	1	1	1	1
RARB_f1	906	0	1	1	0	-Inf	3.60666707852726	2.12124025135701	-Inf	1	0.0930893223547142	0.216745848813492	1	1	0.923334640493887	1	1
RARG_do	927	1	1	1	2	4.3100252691183	3.57305967495209	2.08763284778185	3.43555615120216	0.0644888523044261	0.0951581693920434	0.221205475623974	0.0188614582282278	1	0.923334640493887	1	0.982852002565929
RARG_f1	932	0	1	1	1	-Inf	3.56516828644649	2.07974145927625	2.3021338806127	1	0.0956501718985927	0.222263792754154	0.195752517475445	1	0.923334640493887	1	1
RFX1_f1	1463	0	0	0	0	-Inf	-Inf	-Inf	-Inf	1	1	1	1	1	1	1	1
RFX2_f1	1333	0	0	0	0	-Inf	-Inf	-Inf	-Inf	1	1	1	1	1	1	1	1
RFX3_f1	1526	0	0	0	0	-Inf	-Inf	-Inf	-Inf	1	1	1	1	1	1	1	1
RORA_f1	1322	0	0	1	1	-Inf	-Inf	1.56518419344454	1.78757661478099	1	1	0.300799067057012	0.266628272991603	1	1	1	1
RORG_f1	1061	0	0	1	0	-Inf	-Inf	1.88934062848714	-Inf	1	1	0.24910876714921	1	1	1	1	1
RXRA_f1	1103	0	0	0	2	-Inf	-Inf	-Inf	3.18015426300561	1	1	1	0.02610255913237	1	1	1	0.982852002565929
RXRB_f1	1132	0	0	1	2	-Inf	-Inf	1.79402871804118	3.14195202146149	1	1	0.263512386073243	0.0273901755729321	1	1	1	0.982852002565929
RXRG_f1	1031	0	1	0	0	-Inf	3.41693407475484	-Inf	-Inf	1	0.105346014518911	1	1	1	0.923334640493887	1	1
SMAD1_si	1118	1	0	0	1	4.03474237467482	-Inf	-Inf	2.03474237467482	0.0773787643439071	1	1	0.230307974449294	1	1	1	1
SMAD3_f1	1339	0	0	1	1	-Inf	-Inf	1.54630252723506	1.76869494857151	1	1	0.304047899398603	0.269582394713133	1	1	1	1
SMAD4_si	1332	0	0	1	1	-Inf	-Inf	1.55404884448947	1.77644126582591	1	1	0.302711854994226	0.268367324476272	1	1	1	1
SOX2_f1	1306	0	0	1	0	-Inf	-Inf	1.58317288279711	-Inf	1	1	0.297728416962139	1	1	1	1	1
SRBP1_f2	1301	0	0	1	0	-Inf	-Inf	1.58883848282081	-Inf	1	1	0.296766260649635	1	1	1	1	1
SRBP2_f1	1540	0	0	1	0	-Inf	-Inf	1.33922201845846	-Inf	1	1	0.341407519173733	1	1	1	1	1
STF1_f1	1047	0	0	0	0	-Inf	-Inf	-Inf	-Inf	1	1	1	1	1	1	1	1
SUH_f1	1712	0	0	0	0	-Inf	-Inf	-Inf	-Inf	1	1	1	1	1	1	1	1
TBP_f1	1072	0	0	1	0	-Inf	-Inf	1.87417196316719	-Inf	1	1	0.251357391659047	1	1	1	1	1
TBX2_f1	1143	1	0	0	0	4.00218090557771	-Inf	-Inf	-Inf	0.0790560131033781	1	1	1	1	1	1	1
TBX3_f1	869	0	0	0	1	-Inf	-Inf	-Inf	2.40475452601698	1	1	1	0.183727348914419	1	1	1	1
TBX5_si	1230	1	0	0	0	3.89406190078788	-Inf	-Inf	-Inf	0.0848750178383839	1	1	1	1	1	1	1
TEF_f1	1718	0	1	1	1	-Inf	2.66213386020872	1.17670703303848	1.39909945437493	1	0.170272394985028	0.372920894133954	0.332656858906085	1	1	1	1
TFAP4_si	1814	0	0	0	1	-Inf	-Inf	-Inf	1.31810554010289	1	1	1	0.347814811636802	1	1	1	1
TFE2_f2	1111	0	0	0	0	-Inf	-Inf	-Inf	-Inf	1	1	1	1	1	1	1	1
TFE3_f1	2239	1	1	2	0	3.00308420149069	2.26611860732448	1.88760698407075	-Inf	0.150366949280931	0.216849615648576	0.118685197218293	1	1	1	1	1
TFEB_f1	2765	1	0	2	0	2.68449817427207	-Inf	1.56902095685213	-Inf	0.183080453714128	1	0.167150429423287	1	1	1	1	1
TLX1_f1	880	0	0	0	1	-Inf	-Inf	-Inf	2.38631976643349	1	1	1	0.18583886869251	1	1	1	1
TLX1_f2	876	0	0	1	0	-Inf	-Inf	2.17060451941765	-Inf	1	1	0.210333593853861	1	1	1	1	1
USF1_f1	2883	1	0	2	1	2.6210108188671	-Inf	1.50553360144716	0.621010818867097	0.190287557778306	1	0.178514997745404	0.496440731761545	1	1	1	1
VSX2_si	936	0	0	1	0	-Inf	-Inf	2.07345825783023	-Inf	1	1	0.223109479847814	1	1	1	1	1
YBOX1_f2	1306	1	0	0	0	3.80556530413356	-Inf	-Inf	-Inf	0.0899356814099956	1	1	1	1	1	1	1
